name: labelimg
channels:
  - peterjc123
  - willyd
  - conda-forge
  - defaults
dependencies:
  - ca-certificates=2021.10.8=h5b45459_0
  - icu=68.2=h0e60522_0
  - jpeg=9e=h8ffe710_0
  - libclang=11.1.0=default_h5c34c98_1
  - libiconv=1.16=he774522_0
  - libpng=1.6.37=h1d00b33_2
  - libxml2=2.9.12=hf5bbc77_1
  - libxslt=1.1.33=h65864e5_3
  - libzlib=1.2.11=h8ffe710_1013
  - lxml=4.7.1=py37hd07aab1_0
  - openssl=1.1.1l=h8ffe710_0
  - pip=21.3.1=pyhd8ed1ab_0
  - pyqt=5.12.3=py37h03978a9_8
  - pyqt-impl=5.12.3=py37hf2a7229_8
  - pyqt5-sip=4.19.18=py37hf2a7229_8
  - pyqtchart=5.12=py37hf2a7229_8
  - pyqtwebengine=5.12.1=py37hf2a7229_8
  - python=3.7.12=h7840368_100_cpython
  - python_abi=3.7=2_cp37m
  - qt=5.12.9=h5909a2a_4
  - setuptools=60.5.0=py37h03978a9_0
  - sqlite=3.37.0=h8ffe710_0
  - ucrt=10.0.20348.0=h57928b3_0
  - vc=14.1=h21ff451_1
  - vs2015_runtime=14.29.30037=h902a5da_6
  - vs2017_runtime=15.4.27004.2010=1
  - wheel=0.37.1=pyhd8ed1ab_0
  - xz=5.2.5=h62dcd97_1
  - zlib=1.2.11=h8ffe710_1013
