name: vissl
channels:
  - pytorch
  - peterjc123
  - willyd
  - conda-forge
  - defaults
dependencies:
  - atomicwrites=1.4.0=pyh9f0ad1d_0
  - attrs=21.2.0=pyhd8ed1ab_0
  - blas=2.111=mkl
  - blas-devel=3.9.0=11_win64_mkl
  - ca-certificates=2021.5.30=h5b45459_0
  - colorama=0.4.4=pyh9f0ad1d_0
  - cudatoolkit=10.2.89=hb195166_8
  - faiss=1.7.0=py38hc23bade_2_cpu
  - freetype=2.10.4=h546665d_1
  - iniconfig=1.1.1=pyh9f0ad1d_0
  - intel-openmp=2021.3.0=h57928b3_3372
  - jpeg=9b=hb83a4c4_2
  - libblas=3.9.0=11_win64_mkl
  - libcblas=3.9.0=11_win64_mkl
  - libfaiss=1.7.0=he82878b_2_cpu
  - liblapack=3.9.0=11_win64_mkl
  - liblapacke=3.9.0=11_win64_mkl
  - libpng=1.6.37=h1d00b33_2
  - libtiff=4.2.0=hd0e1b90_0
  - libuv=1.42.0=h8ffe710_0
  - lz4-c=1.9.3=h8ffe710_1
  - m2w64-gcc-libgfortran=5.3.0=6
  - m2w64-gcc-libs=5.3.0=7
  - m2w64-gcc-libs-core=5.3.0=7
  - m2w64-gmp=6.1.0=2
  - m2w64-libwinpthread-git=5.0.0.4634.697f757=2
  - mkl=2021.3.0=hb70f87d_564
  - mkl-devel=2021.3.0=h57928b3_565
  - mkl-include=2021.3.0=hb70f87d_564
  - more-itertools=8.9.0=pyhd8ed1ab_0
  - msys2-conda-epoch=20160418=1
  - ninja=1.7.1=0
  - numpy=1.21.2=py38h089cfbf_0
  - nvidia-apex=0.1=py38hea2869c_4
  - olefile=0.46=pyh9f0ad1d_1
  - openssl=1.1.1l=h8ffe710_0
  - packaging=21.0=pyhd8ed1ab_0
  - pillow=8.3.1=py38h4fa10fc_0
  - pip=21.2.4=pyhd8ed1ab_0
  - pluggy=1.0.0=py38haa244fe_1
  - py=1.10.0=pyhd3deb0d_0
  - pyparsing=2.4.7=pyh9f0ad1d_0
  - pytest=6.2.5=py38haa244fe_0
  - python=3.8.12=h7840368_0_cpython
  - python_abi=3.8=2_cp38
  - pytorch=1.7.1=py3.8_cuda102_cudnn7_0
  - pyyaml=5.4.1=py38h294d835_1
  - setuptools=58.0.4=py38haa244fe_0
  - sqlite=3.36.0=h8ffe710_1
  - tbb=2021.3.0=h2d74725_0
  - tk=8.6.11=h8ffe710_1
  - toml=0.10.2=pyhd8ed1ab_0
  - torchvision=0.8.2=py38_cu102
  - tqdm=4.62.2=pyhd8ed1ab_0
  - typing_extensions=3.10.0.0=pyha770c72_0
  - ucrt=10.0.20348.0=h57928b3_0
  - vc=14.1=h21ff451_1
  - vs2008_runtime=9.0.30729.6161=0
  - vs2015_runtime=14.29.30037=h902a5da_5
  - vs2017_runtime=15.4.27004.2010=1
  - wheel=0.37.0=pyhd8ed1ab_1
  - xz=5.2.5=h62dcd97_1
  - yaml=0.2.5=he774522_0
  - zlib=1.2.11=h62dcd97_1010
  - zstd=1.4.9=h6255e5f_0
  - pip:
      - absl-py==0.13.0
      - antlr4-python3-runtime==4.8
      - cycler==0.10.0
      - cython==0.29.24
      - grpcio==1.40.0
      - importlib-resources==5.2.2
      - iopath==0.1.9
      - joblib==1.0.1
      - kiwisolver==1.3.2
      - markdown==3.3.4
      - matplotlib==3.4.3
      - omegaconf==2.1.1
      - portalocker==2.3.2
      - protobuf==3.18.0
      - python-dateutil==2.8.2
      - pywin32==301
      - scikit-learn==0.24.2
      - scipy==1.7.1
      - six==1.16.0
      - tabulate==0.8.9
      - tensorboard==1.15.0
      - termcolor==1.1.0
      - threadpoolctl==2.2.0
      - werkzeug==2.0.1
      - yacs==0.1.8
      - zipp==3.5.0
