name: yolov5
channels:
  - pytorch
  - anaconda
  - peterjc123
  - willyd
  - conda-forge
  - defaults
dependencies:
  - blas=2.113=mkl
  - blas-devel=3.9.0=13_win64_mkl
  - brotlipy=0.7.0=py38h294d835_1003
  - ca-certificates=2020.10.14=0
  - cffi=1.15.0=py38hd8c33c5_0
  - charset-normalizer=2.0.12=pyhd8ed1ab_0
  - cryptography=36.0.2=py38hb7941b4_0
  - cudatoolkit=11.3.1=h59b6b97_2
  - cudnn=8.2.1.32=h754d62a_0
  - freetype=2.10.4=h546665d_1
  - idna=3.3=pyhd8ed1ab_0
  - intel-openmp=2022.0.0=h57928b3_3663
  - jbig=2.1=h8d14728_2003
  - jpeg=9e=h8ffe710_0
  - lcms2=2.12=h2a16943_0
  - lerc=3.0=h0e60522_0
  - libblas=3.9.0=13_win64_mkl
  - libcblas=3.9.0=13_win64_mkl
  - libdeflate=1.10=h8ffe710_0
  - liblapack=3.9.0=13_win64_mkl
  - liblapacke=3.9.0=13_win64_mkl
  - libpng=1.6.37=h1d00b33_2
  - libtiff=4.3.0=hc4061b1_3
  - libuv=1.43.0=h8ffe710_0
  - libwebp=1.2.2=h57928b3_0
  - libwebp-base=1.2.2=h8ffe710_1
  - libxcb=1.13=hcd874cb_1004
  - libzlib=1.2.11=h8ffe710_1013
  - lz4-c=1.9.3=h8ffe710_1
  - m2w64-gcc-libgfortran=5.3.0=6
  - m2w64-gcc-libs=5.3.0=7
  - m2w64-gcc-libs-core=5.3.0=7
  - m2w64-gmp=6.1.0=2
  - m2w64-libwinpthread-git=5.0.0.4634.697f757=2
  - mkl=2022.0.0=h0e2418a_796
  - mkl-devel=2022.0.0=h57928b3_797
  - mkl-include=2022.0.0=h0e2418a_796
  - msys2-conda-epoch=20160418=1
  - openjpeg=2.4.0=hb211442_1
  - openssl=1.1.1n=h8ffe710_0
  - pillow=9.0.1=py38hd8e0db4_2
  - pip=22.0.4=pyhd8ed1ab_0
  - pthread-stubs=0.4=hcd874cb_1001
  - pycparser=2.21=pyhd8ed1ab_0
  - pyopenssl=22.0.0=pyhd8ed1ab_0
  - pysocks=1.7.1=py38haa244fe_4
  - python=3.8.0=hc9e8b01_5
  - python_abi=3.8=2_cp38
  - pytorch=1.11.0=py3.8_cuda11.3_cudnn8_0
  - pytorch-mutex=1.0=cuda
  - requests=2.27.1=pyhd8ed1ab_0
  - setuptools=60.10.0=py38haa244fe_0
  - sqlite=3.37.1=h8ffe710_0
  - tbb=2021.5.0=h2d74725_0
  - tk=8.6.12=h8ffe710_0
  - torchaudio=0.11.0=py38_cu113
  - typing_extensions=4.1.1=pyha770c72_0
  - ucrt=10.0.20348.0=h57928b3_0
  - urllib3=1.26.9=pyhd8ed1ab_0
  - vc=14.1=h21ff451_1
  - vs2015_runtime=14.29.30037=h902a5da_6
  - vs2017_runtime=15.4.27004.2010=1
  - wheel=0.37.1=pyhd8ed1ab_0
  - win_inet_pton=1.1.0=py38haa244fe_3
  - xorg-libxau=1.0.9=hcd874cb_0
  - xorg-libxdmcp=1.1.3=hcd874cb_0
  - xz=5.2.5=h62dcd97_1
  - zlib=1.2.11=h8ffe710_1013
  - zstd=1.5.2=h6255e5f_0
  - pip:
      - absl-py==1.0.0
      - cachetools==5.0.0
      - certifi==2021.10.8
      - click==8.0.4
      - colorama==0.4.4
      - cycler==0.11.0
      - docker-pycreds==0.4.0
      - flatbuffers==2.0
      - fonttools==4.31.2
      - gitdb==4.0.9
      - gitpython==3.1.27
      - google-auth==2.6.2
      - google-auth-oauthlib==0.4.6
      - grpcio==1.45.0
      - importlib-metadata==4.11.3
      - kiwisolver==1.4.0
      - markdown==3.3.6
      - matplotlib==3.5.1
      - numpy==1.19.5
      - oauthlib==3.2.0
      - onnx==1.11.0
      - onnx-simplifier==0.3.7
      - onnxoptimizer==0.2.6
      - onnxruntime==1.11.0
      - opencv-python==4.5.5.64
      - openvino==2022.1.0
      - packaging==21.3
      - pandas==1.4.1
      - pathtools==0.1.2
      - promise==2.3
      - protobuf==3.19.4
      - psutil==5.9.0
      - pyasn1==0.4.8
      - pyasn1-modules==0.2.8
      - pyparsing==3.0.7
      - python-dateutil==2.8.2
      - pytz==2022.1
      - pyyaml==6.0
      - requests-oauthlib==1.3.1
      - rsa==4.8
      - scipy==1.8.0
      - seaborn==0.11.2
      - sentry-sdk==1.5.8
      - setproctitle==1.2.2
      - shortuuid==1.0.8
      - six==1.16.0
      - smmap==5.0.0
      - tensorboard==2.8.0
      - tensorboard-data-server==0.6.1
      - tensorboard-plugin-wit==1.8.1
      - termcolor==1.1.0
      - thop==0.0.31-2005241907
      - torch==1.11.0
      - torchvision==0.12.0
      - tqdm==4.63.1
      - wandb==0.12.11
      - werkzeug==2.0.3
      - yaspin==2.1.0
      - zipp==3.7.0
